<?xml version="1.0"?>
<opencv_storage>
<calibration_Time>"06/16/14 11:35:50"</calibration_Time>
<nrOfFrames>25</nrOfFrames>
<image_Width>640</image_Width>
<image_Height>480</image_Height>
<board_Width>9</board_Width>
<board_Height>6</board_Height>
<square_Size>25.</square_Size>
<FixAspectRatio>1.</FixAspectRatio>
<!-- flags:  +fix_aspectRatio +fix_principal_point +zero_tangent_dist -->
<flagValue>14</flagValue>
<Camera_Matrix type_id="opencv-matrix">
  <rows>3</rows>
  <cols>3</cols>
  <dt>d</dt>
  <data>
    1.1273105785934702e+003 0. 3.1950000000000000e+002 0.
    1.1273105785934702e+003 2.3950000000000000e+002 0. 0. 1.</data></Camera_Matrix>
<Distortion_Coefficients type_id="opencv-matrix">
  <rows>5</rows>
  <cols>1</cols>
  <dt>d</dt>
  <data>
    2.4544128956765604e-001 -1.6657923116692416e+001 0. 0.
    1.9186297993798399e+002</data></Distortion_Coefficients>
<Avg_Reprojection_Error>2.2047724354180365e-001</Avg_Reprojection_Error>
<Per_View_Reprojection_Errors type_id="opencv-matrix">
  <rows>25</rows>
  <cols>1</cols>
  <dt>f</dt>
  <data>
    2.18105271e-001 2.17193946e-001 2.17106894e-001 2.26426199e-001
    2.21171886e-001 2.20450327e-001 2.17539400e-001 2.18834281e-001
    2.20436379e-001 2.24647477e-001 2.19148219e-001 2.19334006e-001
    2.20305890e-001 2.20606521e-001 2.21380934e-001 2.21030742e-001
    2.18496665e-001 2.20080197e-001 2.22895384e-001 2.22704202e-001
    2.25163445e-001 2.21629456e-001 2.16851234e-001 2.20389560e-001
    2.19665587e-001</data></Per_View_Reprojection_Errors>
<!-- a set of 6-tuples (rotation vector + translation vector) for each view -->
<Extrinsic_Parameters type_id="opencv-matrix">
  <rows>25</rows>
  <cols>6</cols>
  <dt>d</dt>
  <data>
    8.4903153819455221e-002 -8.7109032432268446e-002
    2.9218000716467478e+000 1.1416717111402997e+002
    6.7424840267182191e+001 5.9028445793351034e+002
    8.4328895056641026e-002 -8.6638440332021879e-002
    2.9218687909389516e+000 1.1416951183449427e+002
    6.7427304290702850e+001 5.9031412933592958e+002
    8.4474514763186209e-002 -8.7460241413239867e-002
    2.9218223230594309e+000 1.1417098322951851e+002
    6.7427951088598078e+001 5.9034638928826530e+002
    8.4446313721322067e-002 -8.6607864629927561e-002
    2.9218735284741877e+000 1.1416580126769800e+002
    6.7427657698056606e+001 5.9032919971946239e+002
    8.4508524867671644e-002 -8.6335650781404233e-002
    2.9218559783860036e+000 1.1416802058380857e+002
    6.7427017862199349e+001 5.9030032858004188e+002
    8.4492792833448821e-002 -8.6846852396166810e-002
    2.9218445229712948e+000 1.1416725266514985e+002
    6.7430100377209712e+001 5.9032771111709940e+002
    8.4400270007139927e-002 -8.6936074373742581e-002
    2.9218630458398795e+000 1.1417010767611983e+002
    6.7431627074494855e+001 5.9035169946307724e+002
    8.4734015139299221e-002 -8.6152330627964416e-002
    2.9218258918935032e+000 1.1416446408822118e+002
    6.7426135521600003e+001 5.9028213490469602e+002
    8.4715429987602939e-002 -8.7353173827686148e-002
    2.9217991381030215e+000 1.1416924514772140e+002
    6.7429253468324916e+001 5.9033704146304365e+002
    8.4454927329526516e-002 -8.7965411774045238e-002
    2.9218026556713590e+000 1.1417205296772235e+002
    6.7433812448869801e+001 5.9036618562916090e+002
    8.4470396435152070e-002 -8.6667353693157340e-002
    2.9218685253780889e+000 1.1416634107749253e+002
    6.7433496196736058e+001 5.9030356277319459e+002
    8.4551510180021133e-002 -8.7304507247638524e-002
    2.9218467181053627e+000 1.1416515998383453e+002
    6.7437228587858954e+001 5.9033559128635056e+002
    8.4338416435754987e-002 -8.6917753171244463e-002
    2.9218595437660331e+000 1.1416993312701774e+002
    6.7434162615992776e+001 5.9034102114187465e+002
    8.4786801090768610e-002 -8.6729300579108839e-002
    2.9218481874048394e+000 1.1416487116298711e+002
    6.7436820739797767e+001 5.9028942161073280e+002
    8.4306453411800306e-002 -8.7152057962852789e-002
    2.9218547110663513e+000 1.1416850753097479e+002
    6.7438529445455444e+001 5.9035777874028997e+002
    8.4651575019839165e-002 -8.7156000680685450e-002
    2.9218077914464984e+000 1.1416655956219155e+002
    6.7434307744310473e+001 5.9033172671873444e+002
    8.4509679290874717e-002 -8.7131520288598927e-002
    2.9218381520144878e+000 1.1416839818716277e+002
    6.7432654987728441e+001 5.9030491204793452e+002
    8.4669364023155808e-002 -8.7304597702517583e-002
    2.9218126581397583e+000 1.1416992061470232e+002
    6.7433438912675911e+001 5.9031173843822671e+002
    8.4570739949674081e-002 -8.6813158765436355e-002
    2.9218490608986905e+000 1.1416730253274405e+002
    6.7437922230144864e+001 5.9030710778623404e+002
    8.4222592615989009e-002 -8.7211881639359820e-002
    2.9218597146994849e+000 1.1416642269341979e+002
    6.7438925244569177e+001 5.9035833067462568e+002
    8.4446527153854881e-002 -8.7335321942999741e-002
    2.9218608756636240e+000 1.1416500740036243e+002
    6.7441394468982438e+001 5.9034086602898174e+002
    8.4613664670630792e-002 -8.7355041861509719e-002
    2.9218045417071234e+000 1.1416619033376305e+002
    6.7432697047945368e+001 5.9029345655798329e+002
    8.4470508857540830e-002 -8.6909678987864405e-002
    2.9218576894023256e+000 1.1416691793375524e+002
    6.7438746426602592e+001 5.9031649138297735e+002
    8.4090876557548558e-002 -8.7312941082519802e-002
    2.9218786944258226e+000 1.1416719816223919e+002
    6.7436294988095156e+001 5.9035883381760175e+002
    8.4512569579406310e-002 -8.6666035463581440e-002
    2.9218333477247840e+000 1.1416609132935865e+002
    6.7431246786136541e+001 5.9032271411894328e+002</data></Extrinsic_Parameters>
